%YAML:1.0
---
R1: !!opencv-matrix
   rows: 3
   cols: 3
   dt: d
   data: [ 9.9194747859224652e-01, 1.1511343412642741e-02,
       1.2612568607274582e-01, -9.5587990687156787e-03,
       9.9982509237141814e-01, -1.6075261268452559e-02,
       -1.2628867358100071e-01, 1.4740204792379825e-02,
       9.9188401402978077e-01 ]
P1: !!opencv-matrix
   rows: 3
   cols: 4
   dt: d
   data: [ 4.6174467474355843e+03, 0., 4.0338684844970703e+02, 0., 0.,
       4.6174467474355843e+03, 7.4615938568115234e+02, 0., 0., 0., 1.,
       0. ]
R2: !!opencv-matrix
   rows: 3
   cols: 3
   dt: d
   data: [ 9.9630558359413413e-01, 1.1346306286329540e-02,
       -8.5126056133293659e-02, -1.0029487878942436e-02,
       9.9982358921634473e-01, 1.5880800339782359e-02,
       8.5291227403748907e-02, -1.4968359302297746e-02,
       9.9624362218674178e-01 ]
P2: !!opencv-matrix
   rows: 3
   cols: 4
   dt: d
   data: [ 4.6174467474355843e+03, 0., 1.3825011749267578e+03,
       -9.9532190403119905e+05, 0., 4.6174467474355843e+03,
       7.4615938568115234e+02, 0., 0., 0., 1., 0. ]
Q: !!opencv-matrix
   rows: 4
   cols: 4
   dt: d
   data: [ 1., 0., 0., -4.0338684844970703e+02, 0., 1., 0.,
       -7.4615938568115234e+02, 0., 0., 0., 4.6174467474355843e+03, 0.,
       0., 4.6391491322900161e-03, 4.5422573780887339e+00 ]
R: !!opencv-matrix
   rows: 3
   cols: 3
   dt: d
   data: [ 9.7760736543606008e-01, 2.6982922306085623e-03,
       2.1041995690571705e-01, 3.5881613605497830e-03,
       9.9955868698995998e-01, -2.9488241062462922e-02,
       -2.1040666373291564e-01, 2.9582942415275468e-02,
       9.7716625267906088e-01 ]
T: !!opencv-matrix
   rows: 3
   cols: 1
   dt: d
   data: [ -2.1476041299459780e+02, -2.4457731283857012e+00,
       1.8349497656971106e+01 ]
E: !!opencv-matrix
   rows: 3
   cols: 3
   dt: d
   data: [ 4.4876600571300879e-01, -1.8413752950545248e+01,
       -1.8488325524839366e+00, -2.7248417938589746e+01,
       6.4027572376633390e+00, 2.1371772849596005e+02,
       1.6204108088125269e+00, -2.1465903701967156e+02,
       6.8475463053348742e+00 ]
F: !!opencv-matrix
   rows: 3
   cols: 3
   dt: d
   data: [ 5.9839841682051244e-09, -2.4550638634929939e-07,
       5.7932462886563505e-05, -3.6327699518690037e-07,
       8.5351987373130707e-08, 1.3487470160420862e-02,
       3.7265686639135451e-04, -1.3016472289417040e-02,
       9.9999999999999989e-01 ]
S: !!opencv-matrix
   rows: 2
   cols: 1
   dt: d
   data: [ 2048., 1536. ]
