%YAML:1.0
---
M1: !!opencv-matrix
   rows: 3
   cols: 3
   dt: d
   data: [ 4.6253505586795463e+03, 0., 1.0195921190771612e+03, 0.,
       4.6258831305253543e+03, 7.2528461040424997e+02, 0., 0., 1. ]
D1: !!opencv-matrix
   rows: 1
   cols: 5
   dt: d
   data: [ -1.3342199826186110e-02, 4.1971427547242646e-01,
       -1.8018903386356571e-03, 6.9552391637952898e-04,
       9.6054440263669341e-02 ]
M2: !!opencv-matrix
   rows: 3
   cols: 3
   dt: d
   data: [ 4.6082263730104105e+03, 0., 9.6859398946020269e+02, 0.,
       4.6090103643458142e+03, 7.6768612292120565e+02, 0., 0., 1. ]
D2: !!opencv-matrix
   rows: 1
   cols: 5
   dt: d
   data: [ -1.2880960534152146e-02, 2.4802178857923737e-01,
       -2.3439994888219120e-03, -1.4107444317829654e-04,
       2.2323149600413448e+00 ]
